116.21
89.25
139.77
139.06
133.1
107.31
75.56
118.67
120.32
131.01
152.32
124.63
117.72
99.86
87.09
134.71
93.23
157.32
133.45
120.78
71.13
48.54
94.03
108.08
97.4
86.19
150.32
145.53
98.9
127.09
43.7
92.28
56.98
97.66
64.49
88.76
108.45
172.19
108.6
63.51
68.71
91.49
80.43
59.51
84.98
140.26
120.47
105.73
134.29
104.25
132.27
43.55
102.45
38.36
123.79
112.69
59.41
122.92
120.51
94.06
121.1
109.19
104.9
101.76
96.39
92.94
101.57
99.67
45.29
112.41
53.16
126.72
86.68
110.49
99.08
129.84
50.8
88.82
166.23
128.72
76.37
55.01
98.57
88.49
82.36
122.67
94.35
132.92
47.05
154.37
115.39
107.36
92.78
92.12
70.82
109.99
170.69
83.06
95.4
111.05
