76.33
98.91
52.34
98.05
163.73
60.44
137.85
174.6
125.15
61.56
123.21
107.07
80.8
83.87
120.65
74.34
154.7
123.48
182.24
97.12
123.84
89.12
138.66
33.2
100.05
88.12
130.33
170.28
92.77
27.68
82.45
107.4
99.96
145.31
152.5
120.13
128.35
45.02
74.17
108.58
97.18
107.39
94.36
133.99
101.3
79.83
96.4
134.07
114.24
130.74
159.7
108.21
179
97.26
115.82
141.11
71.41
121.73
106.75
69.1
120.77
122.12
71.78
140.57
141.75
99.48
103.49
103.08
99.88
104.35
62.69
53.98
97.17
153.27
92.2
142.31
88.8
132.77
113.51
94.33
93.79
130.01
59.69
120.76
52.68
132.94
71.97
115.14
54.85
128.85
78.99
182.94
93
113.96
133.43
89.78
95.22
68.66
91.12
125.4
