98.41
98.22
83.07
111.03
88.14
82.97
84.42
68.6
111.14
63.63
120.89
114.54
46.13
84.26
111.32
71.94
103.42
99.13
95.17
123.24
95.64
113.9
70.41
36.83
91.68
125.34
104.38
82.94
75.96
44.3
102.88
52.82
121.05
110.01
126.19
116.65
85.52
92.19
99.14
104.22
146.75
99.58
106.79
80.19
135.14
93.85
158.58
124.93
59.76
122.1
128.33
116.02
122.8
88.06
118.14
111.82
137.32
140.37
141.75
92.16
145.33
129.07
111.19
90.28
106.4
80.56
89.23
86.26
84.8
90.56
81.12
73.34
93.62
63.13
84.56
146.78
90.04
47.01
88.3
92.82
57.41
117.03
46.91
102.08
86.18
93.17
19.16
102.25
90.56
135.08
123.8
76.37
120.87
104.99
91.1
109.21
88.54
151.81
104.36
143.14
