51.08
84.95
163.49
75.67
90.57
121.12
108.6
162.52
111.02
143.31
119.42
78.66
122.22
100.64
105.18
125.18
72.7
89.17
90.46
141.41
72.15
63.74
128.08
87.74
94.63
117.73
101.9
118.24
144.23
110.36
133.89
122.38
123.09
54.68
96.92
77.27
70.14
73.22
34.32
58.48
146.4
117.41
92.19
65.98
131.98
105.46
152.1
119.51
171.94
155.36
97.74
77.46
74.11
84.6
83.78
57.88
71.38
71.43
84.82
134.49
84.65
83.2
108.24
112.41
95.4
103.28
67.55
57.49
100.45
128.75
88.44
71.07
102.42
120.09
142.6
78.45
96.28
111.65
131.12
131.81
91.53
96.2
74.98
78.87
53.9
30.54
109.06
139.56
108.53
67.73
81.62
101.97
74.9
86.12
35.02
58.45
96.82
145.22
128.03
133.8
