78.02
146.21
56.3
129.44
84.1
84.74
104.22
62.32
32
83.78
82.66
139.85
101.05
95.9
105.44
63.39
111.63
83.38
129.95
121.46
103.03
110.8
83.63
100.1
105.65
101.28
71.66
142.78
95.25
43.38
39.21
131.94
136.61
144.71
97.37
135.17
120.73
118.1
56.35
84.39
120.03
28.61
32.64
78.29
59.2
69.42
128.62
76.11
73.92
68.15
98.85
93.01
93.88
138.87
94.55
73.42
96.3
83.85
163.64
54.12
87.61
88.64
81.17
99.01
117.4
26.72
108.5
103.23
170.45
126.89
86.64
98.83
96.85
75.16
102.66
80.87
154.69
81.79
132.48
130.57
118.68
148.83
93.07
119.36
77.48
49.82
140.54
77.07
109.97
76.33
66.8
87.81
100.11
104.43
115.9
41.35
94.02
88.61
95.95
47.71
