94.75
66.18
99.63
139.07
140.1
31.74
79.32
144.67
104.16
62.61
107.94
117.21
110.17
101.49
85.78
133.8
73.96
104.03
116.32
74.58
72.59
82.08
87.79
75.48
135.03
45.89
64.63
71.33
125.02
77.3
102.5
118.97
95.94
71.56
113.7
102.63
125.9
117.45
117.45
67.46
76.27
85.51
120.86
57.7
109.59
34.89
127.92
111.78
80.07
89.48
129.33
184.84
125.59
103.66
134.18
61.31
126.79
115.2
96.24
71.79
141.63
53.64
64.8
87.93
125.22
-7
124.37
132.28
63.28
136.74
119.52
62.41
78.97
65.06
23.4
123.09
101.13
120.3
25.37
86.33
73.92
30.67
50.48
105.67
114.27
91.91
89.47
100.44
81
103.28
127.63
82.52
74.12
114.98
63.36
116.23
120.03
158.78
148.18
46.82
