111.78
77.22
107.86
132.01
65.84
116.05
61.45
69.53
103.57
160.29
85.6
143.26
110.1
48.45
101.12
93.79
87.93
99.28
93.22
99
88.83
59.8
42.93
124.83
95.24
107.82
122.99
80.72
120.96
118.47
26.85
134.16
135.38
131.78
31.83
87.41
139.78
176.25
70.92
76.06
175.95
59.29
88.39
124.87
119.38
69.39
123.25
113.36
97.64
87.94
92.59
148.04
112.16
82.49
90.14
145.41
98.77
107.6
117.25
53.83
100.52
105.34
70.7
116.02
96.33
118.25
86.38
82.59
178.93
118.13
11.72
133.32
100.23
169.92
71.47
113.91
111.2
132.62
97.89
56.07
59.11
56.08
135.69
8.51
70.97
103.87
143.48
119.5
42.29
116.6
105.27
121.71
80.02
105.64
109.64
115.12
83.34
62.06
100.08
106.07
