121.02
107.43
71.22
81.24
103.66
70.89
101.73
138.56
93.01
98.43
35.7
62.3
152.63
60.31
51.75
82.2
113.93
73.66
85.31
125.51
125.38
144.55
87.31
116.23
113.22
53.63
133.39
67.18
137.77
113.95
93.86
85.96
32.77
34.98
81.02
87.37
83.24
126.48
73.85
91.56
51.42
73.04
76.52
35.43
119.93
140.66
100.56
121.05
109.83
86.95
101.07
113.93
103.43
83.19
77.05
59.16
126.12
112.52
179.65
167.2
117.31
75.78
67.34
98.68
111.03
106.41
111.91
77.07
139.85
111.51
52.59
124.12
119.08
159.96
101.55
63.99
118.98
91.27
78.12
128.66
89.85
143.19
69.55
74.21
99.66
96.07
75.59
80.25
88.3
134.23
91.86
32.21
70.07
140.11
131.5
120.44
134.51
125.88
87.41
72.39
