102.67
101.28
187.47
124.01
132.14
116.93
113.15
83.6
94.97
141.24
152.78
101.56
108.03
64.66
95.67
82.69
88.66
75.81
104.61
103.2
127.65
112.49
77.82
86.43
65.13
162.24
17.53
74.65
83.29
82.57
95.33
94.86
109.71
147.68
61.28
123.72
97.18
79.91
121.81
101.41
55.05
134.5
73.97
113.42
182.09
77.64
98.6
88.09
60.25
122.06
120.6
43.68
97.21
135.21
75.93
72.83
89.98
62.86
62.14
112.7
110.65
93.23
87.11
129.61
121.93
140.42
105.33
37.09
60.42
113.05
107.09
100.73
88.32
54.06
49.24
126.12
96.13
70.47
113.75
62.06
84.27
158.68
108.4
118.38
87.82
101
118.71
30.57
78.65
94.79
106.55
149.36
117.12
139.95
133.99
120.15
166.8
112.47
87.11
113.35
