92.43
56.69
197.92
88.63
78.18
81.75
123.76
39.38
48.44
82.25
127.52
54.42
93.33
82.41
89.63
102.79
106.4
117.46
32.74
40.13
83.31
142.29
120.14
106.28
118.79
108.91
101.97
58.9
138.21
127.77
127.65
96.58
88.51
129.67
75.73
98.4
85.69
155.79
99.71
94.38
135.04
67.5
83.13
65.93
98.24
14.06
98.76
100.88
97.71
69.77
122.44
34.97
129.88
88.54
105.34
83.94
49.76
76.13
80.47
98.19
104.49
100.65
134.34
74.79
82.04
95.76
92.85
84.01
148.67
105.1
97.8
82.16
86.87
102.59
111.2
92.36
82.54
105.22
90.19
85.95
107.42
96.82
75.74
50.2
44.86
127.25
66.69
109.83
146.84
113.41
59.24
77.28
85.01
94.86
113.81
45.55
128.29
134.28
55.45
113.29
