82.35
158.04
141.83
99.25
106.52
120.82
60.76
88.5
126.22
90.55
91.29
118.74
23.91
109.71
126.08
157.03
83.44
116.43
115.96
119.17
66.1
95.12
134.29
123.78
95.24
90.71
126.77
119.81
93.66
117.51
123.57
84.65
95.78
80.29
63.3
114.99
75.02
134.61
71.68
122.06
71.67
156.69
85.76
75.84
119.82
110.16
116.75
136.17
106
123.44
146.88
64.6
42.51
71.7
92.13
62.94
119.83
109.87
120.64
55.56
49.06
124.43
79.75
57.37
87.72
91.18
120.85
110.35
103.67
122.13
83.83
138.34
124.02
126.11
125.12
122.1
151.25
148.78
71.49
128.02
125.12
114.3
68.34
71.96
173.55
138.23
93.66
79.24
77.87
138.64
113.53
99.49
80.65
76.4
146.08
96.05
114.22
74.64
109.25
139.02
