114.14
97.1
130.19
158.56
11.68
35.67
121.02
128.79
99.76
141.59
98.4
104.52
52.23
126.44
157.66
91.02
114.31
152.09
121.7
127.95
39.28
53.87
138.49
74.46
24.42
144.39
139.3
68.62
106.22
74.41
116.25
88.38
111.07
96.81
109.69
95.8
73.43
108.58
82.13
145.05
138.96
77.01
133.52
117.27
105.1
104.8
109.31
59.71
142.49
82.74
61.63
88.19
157.51
100.43
69.9
47.34
82.34
112.84
71.63
81.97
93.13
69.28
108.48
128.69
51.27
74
88.44
77.32
142.38
75.96
128.66
57.44
76.6
71.97
126.44
60.58
148.78
158.55
95.65
104.5
112.82
121.23
134.52
93.89
85.51
111.33
109
100.1
39.98
129.23
75.15
142.84
144.98
100.23
56.98
51.87
102.89
129.28
98.03
91.42
