117.86
122.92
110.08
130.55
114.46
95.62
102.97
144.84
84.12
105.65
152.62
74.3
81.23
135.77
132.27
72.09
99.49
71.38
63.07
82.92
80.04
115.66
103.28
95.74
119.34
111.57
101.5
68.45
128.26
123.66
96.89
20.29
59.52
118.56
89.39
80.99
94.22
101.92
68.49
137.68
59.82
163.74
75.24
74.7
121.38
122.63
72.93
143.94
156.73
97.87
40.54
142.66
85.02
131.24
155.5
101.06
84.59
95.16
92.27
92.92
80.56
84.1
119.89
88.86
137.24
106.25
143.88
153.55
117.11
133.96
110.12
106.5
80.12
133.93
119.27
114.77
112.56
81.89
143
78.7
52.74
109.48
119.87
151
113.04
112.41
91.12
84.32
87.65
100.6
94.74
129.19
78.47
102.73
96.47
100.56
98.39
156.77
117.24
52.66
