91.08
105.64
94.01
144.63
120.8
149.65
97.57
127.25
107.32
153.64
120.14
81.16
109.48
140.21
87.58
93.51
110.51
119.62
49.41
127.85
118.66
81.29
78.25
66.16
120.49
48.15
122
84.57
109.89
99.75
84.75
83.33
135.39
73.56
189.33
117.15
117.91
75.75
110.12
65.2
63.57
108.58
101.75
114.85
66.42
56.19
119.27
106.16
124.55
111.94
106.37
154.39
95.63
95.94
108.33
85.54
93.46
118.53
76.29
101.19
69.52
101.4
161.84
97.65
104.86
115.92
113.11
104.4
81.86
86.43
57.76
98.64
37.17
102.68
100.36
40.3
98.65
91.77
143.02
67.32
113.82
101.39
51.7
119.68
122.96
127.45
58.46
79.91
115.24
138.2
133.98
107.41
121.33
116.51
107.13
68.3
72.77
82.55
142.94
84.5
